kinematics:
  shoulder:
    x: 0
    y: 0
    z: 0.1281307293130059
    roll: -0
    pitch: 0
    yaw: 1.442487537329967e-05
  upper_arm:
    x: 4.153008886169942e-05
    y: 0
    z: 0
    roll: 1.570849353942254
    pitch: 0
    yaw: -0.0001053531997413428
  forearm:
    x: -0.6126688897727346
    y: 0
    z: 0
    roll: 3.136430664459686
    pitch: 3.141144605408605
    yaw: -3.141482754272998
  wrist_1:
    x: -0.5711672406899047
    y: 0.001521130324950513
    z: 0.1637728063718383
    roll: 3.13230486876559
    pitch: 3.140344090351572
    yaw: 3.141586635442661
  wrist_2:
    x: 0.0001471644478969287
    y: -0.1158325646150554
    z: -0.0002111842976345929
    roll: 1.572619510666757
    pitch: 0
    yaw: -5.34830885349337e-05
  wrist_3:
    x: -0.0001171642811369931
    y: 0.09228916537775435
    z: -0.0001565997791990629
    roll: 1.569099490245761
    pitch: 3.141592653589793
    yaw: 3.141504078082378
  hash: calib_11394507778175810432
